{
 "cells": [
  {
   "cell_type": "markdown",
   "metadata": {},
   "source": [
    "# Lesson 3: binned and unbinned fits\n",
    "\n",
    "## part 1: $\\chi^2$ fits\n",
    "\n",
    "$\\chi^2$ describes the agreement between a predictive function $g(x)$ and a set of $n$ measurements $\\{(x_i,y_i)\\}$ and their uncertainties $\\sigma_i$. It is a meausre of the square of the total deviation from $g(x)$:\n",
    "\n",
    "\\begin{align}\n",
    "\\chi^2 = \\sum_{i=1}^{n} \\bigg[ \\frac{y_i - g(x_i)}{\\sigma_i}\\bigg]^2.\n",
    "\\end{align}\n",
    "\n",
    "The $\\chi^2$ *distribution*, or the $\\chi^2$ probability density function, is given by:\n",
    "\n",
    "\\begin{align}\n",
    "f(\\chi^2; n) = \\frac{2^{-n/2}}{\\Gamma(n/2)} \\chi^{n-2}e^{-\\chi^2/2}.\n",
    "\\end{align}\n",
    "\n",
    "If, instead of starting with a set $g(x)$ and calculating $\\chi^2$ or the probability, you fit a function with $m$ free parameters, the $\\chi^2$ distribution is a function of the number of degrees of freedom $n-m$ (not $n$ as shown above).\n",
    "\n",
    "When you ask root for ```TMath::Prob(chi2,ndof)```, it's integrating the $\\chi^2$ distribution in the range$[\\chi^2,\\infty]$\n",
    "\n",
    "Let's start out with a simple example: fit a line with three points (with uncertainties!)"
   ]
  },
  {
   "cell_type": "code",
   "execution_count": 9,
   "metadata": {},
   "outputs": [],
   "source": [
    "import ROOT\n",
    "import numpy as np\n",
    "ROOT.gStyle.SetOptStat(0)\n",
    "%jsroot"
   ]
  },
  {
   "cell_type": "code",
   "execution_count": 12,
   "metadata": {},
   "outputs": [
    {
     "name": "stderr",
     "output_type": "stream",
     "text": [
      "Warning in <TCanvas::Constructor>: Deleting canvas with same name: c\n",
      "Warning in <TFile::Append>: Replacing existing TH1: my_data (Potential memory leak).\n",
      "Warning in <TF1::GetRandom>: function:f2 has 15 negative values: abs assumed\n"
     ]
    }
   ],
   "source": [
    "my_canvas = ROOT.TCanvas(\"c\",\"c\",800,600)\n",
    "f1 = ROOT.TF1(\"f1\",\"3*x + 2.4\",0,10);\n",
    "my_data = ROOT.TH1D(\"my_data\",\"my_data\",10,0,10)\n",
    "my_data.Sumw2()\n",
    "for i in range(0,1000):\n",
    "    my_data.Fill(f1.GetRandom(),0.001)    \n",
    "\n",
    "#make the data deliberately a bit worse\n",
    "f2 = ROOT.TF1(\"f2\",\"2.*x - 3\",0,10);\n",
    "for i in range(0,100):\n",
    "    my_data.Fill(f2.GetRandom(),0.1)    "
   ]
  },
  {
   "cell_type": "markdown",
   "metadata": {},
   "source": [
    "Now we have some data, let's try to minimize the $\\chi^2$ distribution with a linear function $g(x) = a*x + b$. This is a simple problem that is already solved for us - many times over. You could code up a function to minimise the $\\chi^2$ yourself, or just use the inbuilt ROOT functionailty that can fit histograms:\n",
    "\n",
    "https://root.cern.ch/doc/master/classTH1.html#a7e7d34c91d5ebab4fc9bba3ca47dabdd\n",
    "\n",
    "This performs a $\\chi^2$ fit by default. There are other options listed on the link, some of which we will explore later."
   ]
  },
  {
   "cell_type": "code",
<<<<<<< Updated upstream
   "execution_count": 13,
=======
   "execution_count": 9,
>>>>>>> Stashed changes
   "metadata": {
    "scrolled": false
   },
   "outputs": [
    {
     "name": "stdout",
     "output_type": "stream",
     "text": [
      "\n",
      "Covariance Matrix:\n",
      "\n",
<<<<<<< Updated upstream
      "            \t          p0          p1\n",
      "p0          \t   0.0016266  -0.0010561\n",
      "p1          \t  -0.0010561   0.0007007\n",
      "\n",
      "Correlation Matrix:\n",
      "\n",
      "            \t          p0          p1\n",
      "p0          \t           1    -0.98926\n",
      "p1          \t    -0.98926           1\n",
      "\n",
      "****************************************\n",
      "Minimizer is Linear\n",
      "Chi2                      =      15.0441\n",
      "NDf                       =            8\n",
      "p0                        =    -0.356642   +/-   0.0403314   \n",
      "p1                        =     0.262028   +/-   0.0264707   \n"
=======
      "            \t          p0          p1          p2          p3          p4          p5          p6          p7          p8          p9\n",
      "p0          \t      589.51     -2389.3      3432.9     -2478.2      1029.1     -260.89      41.009     -3.8974     0.20497  -0.0045752\n",
      "p1          \t     -2389.3      9686.6      -13922       10054     -4176.6      1059.2     -166.55      15.834    -0.83297    0.018598\n",
      "p2          \t      3432.9      -13922       20018      -14464      6012.6     -1525.8      240.05     -22.834      1.2018   -0.026844\n",
      "p3          \t     -2478.2       10054      -14464       10459     -4350.8      1104.9     -173.96      16.558    -0.87198    0.019488\n",
      "p4          \t      1029.1     -4176.6      6012.6     -4350.8      1811.4     -460.38       72.54     -6.9096     0.36412  -0.0081426\n",
      "p5          \t     -260.89      1059.2     -1525.8      1104.9     -460.38      117.11     -18.466      1.7603   -0.092824   0.0020771\n",
      "p6          \t      41.009     -166.55      240.05     -173.96       72.54     -18.466      2.9142    -0.27799    0.014669 -0.00032843\n",
      "p7          \t     -3.8974      15.834     -22.834      16.558     -6.9096      1.7603    -0.27799    0.026536  -0.0014011  3.1389e-05\n",
      "p8          \t     0.20497    -0.83297      1.2018    -0.87198     0.36412   -0.092824    0.014669  -0.0014011  7.4025e-05 -1.6592e-06\n",
      "p9          \t  -0.0045752    0.018598   -0.026844    0.019488  -0.0081426   0.0020771 -0.00032843  3.1389e-05 -1.6592e-06   3.721e-08\n",
      "\n",
      "Correlation Matrix:\n",
      "\n",
      "            \t          p0          p1          p2          p3          p4          p5          p6          p7          p8          p9\n",
      "p0          \t           1    -0.99987     0.99931    -0.99803     0.99589    -0.99295      0.9894    -0.98541     0.98119    -0.97687\n",
      "p1          \t    -0.99987           1    -0.99976     0.99884    -0.99708     0.99451     -0.9913     0.98763    -0.98368     0.97961\n",
      "p2          \t     0.99931    -0.99976           1    -0.99965      0.9985    -0.99653     0.99389    -0.99073     0.98724    -0.98358\n",
      "p3          \t    -0.99803     0.99884    -0.99965           1     -0.9996     0.99837    -0.99643     0.99392    -0.99102     0.98787\n",
      "p4          \t     0.99589    -0.99708      0.9985     -0.9996           1    -0.99959     0.99842    -0.99663     0.99437     -0.9918\n",
      "p5          \t    -0.99295     0.99451    -0.99653     0.99837    -0.99959           1    -0.99962     0.99856    -0.99698     0.99501\n",
      "p6          \t      0.9894     -0.9913     0.99389    -0.99643     0.99842    -0.99962           1    -0.99966     0.99874    -0.99738\n",
      "p7          \t    -0.98541     0.98763    -0.99073     0.99392    -0.99663     0.99856    -0.99966           1    -0.99971     0.99892\n",
      "p8          \t     0.98119    -0.98368     0.98724    -0.99102     0.99437    -0.99698     0.99874    -0.99971           1    -0.99975\n",
      "p9          \t    -0.97687     0.97961    -0.98358     0.98787     -0.9918     0.99501    -0.99738     0.99892    -0.99975           1\n",
      "\n",
      "****************************************\n",
      "Minimizer is Linear\n",
      "Chi2                      =  2.84124e-06\n",
      "NDf                       =            0\n",
      "p0                        =     -37.9993   +/-   24.2799     \n",
      "p1                        =      155.166   +/-   98.4206     \n",
      "p2                        =     -223.089   +/-   141.485     \n",
      "p3                        =      160.554   +/-   102.268     \n",
      "p4                        =     -66.2653   +/-   42.5606     \n",
      "p5                        =      16.6643   +/-   10.8216     \n",
      "p6                        =     -2.59544   +/-   1.7071      \n",
      "p7                        =     0.244297   +/-   0.162898    \n",
      "p8                        =   -0.0127243   +/-   0.00860375  \n",
      "p9                        =  0.000281401   +/-   0.000192899 \n"
>>>>>>> Stashed changes
     ]
    },
    {
     "name": "stderr",
     "output_type": "stream",
     "text": [
      "Info in <ROOT::Math::Fitter::DoLeastSquareFit>: use gradient from model function\n"
     ]
    },
    {
     "data": {
      "text/html": [
       "\n",
<<<<<<< Updated upstream
       "<div id=\"root_plot_2\"\n",
=======
       "<div id=\"root_plot_7\"\n",
>>>>>>> Stashed changes
       "     style=\"width: 796px; height: 572px\">\n",
       "</div>\n",
       "\n",
       "<script>\n",
       " requirejs.config({\n",
       "     paths: {\n",
       "       'JSRootCore' : 'https://root.cern.ch/js/notebook//scripts/JSRootCore',\n",
       "     }\n",
       "   });\n",
       " require(['JSRootCore'],\n",
       "     function(Core) {\n",
<<<<<<< Updated upstream
       "       var obj = Core.JSONR_unref({\"_typename\":\"TCanvas\",\"fUniqueID\":0,\"fBits\":53673992,\"fLineColor\":1,\"fLineStyle\":1,\"fLineWidth\":1,\"fFillColor\":0,\"fFillStyle\":1001,\"fLeftMargin\":0.1,\"fRightMargin\":0.1,\"fBottomMargin\":0.1,\"fTopMargin\":0.1,\"fXfile\":2,\"fYfile\":2,\"fAfile\":1,\"fXstat\":0.99,\"fYstat\":0.99,\"fAstat\":2,\"fFrameFillColor\":0,\"fFrameLineColor\":1,\"fFrameFillStyle\":1001,\"fFrameLineStyle\":1,\"fFrameLineWidth\":1,\"fFrameBorderSize\":1,\"fFrameBorderMode\":0,\"fX1\":-1.25000009313226,\"fY1\":-0.431034553496226,\"fX2\":11.2500000931323,\"fY2\":3.87931072454942,\"fXtoAbsPixelk\":79.6000547445299,\"fXtoPixelk\":79.6000547445299,\"fXtoPixel\":63.679999051094,\"fYtoAbsPixelk\":514.800046590614,\"fYtoPixelk\":514.800046590614,\"fYtoPixel\":-132.703986131559,\"fUtoAbsPixelk\":5e-5,\"fUtoPixelk\":5e-5,\"fUtoPixel\":796,\"fVtoAbsPixelk\":572.00005,\"fVtoPixelk\":572,\"fVtoPixel\":-572,\"fAbsPixeltoXk\":-1.25000009313226,\"fPixeltoXk\":-1.25000009313226,\"fPixeltoX\":0.0157035178219404,\"fAbsPixeltoYk\":3.87931072454942,\"fPixeltoYk\":-0.431034553496226,\"fPixeltoY\":-0.00753556866791197,\"fXlowNDC\":0,\"fYlowNDC\":0,\"fXUpNDC\":0,\"fYUpNDC\":0,\"fWNDC\":1,\"fHNDC\":1,\"fAbsXlowNDC\":0,\"fAbsYlowNDC\":0,\"fAbsWNDC\":1,\"fAbsHNDC\":1,\"fUxmin\":0,\"fUymin\":0,\"fUxmax\":10,\"fUymax\":3.4482761710532,\"fTheta\":30,\"fPhi\":30,\"fAspectRatio\":0,\"fNumber\":0,\"fTickx\":0,\"fTicky\":0,\"fLogx\":0,\"fLogy\":0,\"fLogz\":0,\"fPadPaint\":0,\"fCrosshair\":0,\"fCrosshairPos\":0,\"fBorderSize\":2,\"fBorderMode\":0,\"fModified\":false,\"fGridx\":false,\"fGridy\":false,\"fAbsCoord\":false,\"fEditable\":true,\"fFixedAspectRatio\":false,\"fPrimitives\":{\"_typename\":\"TList\",\"name\":\"TList\",\"arr\":[{\"_typename\":\"TFrame\",\"fUniqueID\":0,\"fBits\":50331656,\"fLineColor\":1,\"fLineStyle\":1,\"fLineWidth\":1,\"fFillColor\":0,\"fFillStyle\":1001,\"fX1\":0,\"fY1\":0,\"fX2\":10,\"fY2\":3.4482761710532,\"fBorderSize\":1,\"fBorderMode\":0},{\"_typename\":\"TH1D\",\"fUniqueID\":0,\"fBits\":50332168,\"fName\":\"my_data\",\"fTitle\":\"my_data\",\"fLineColor\":602,\"fLineStyle\":1,\"fLineWidth\":1,\"fFillColor\":0,\"fFillStyle\":1001,\"fMarkerColor\":1,\"fMarkerStyle\":1,\"fMarkerSize\":1,\"fNcells\":12,\"fXaxis\":{\"_typename\":\"TAxis\",\"fUniqueID\":0,\"fBits\":50331648,\"fName\":\"xaxis\",\"fTitle\":\"\",\"fNdivisions\":510,\"fAxisColor\":1,\"fLabelColor\":1,\"fLabelFont\":42,\"fLabelOffset\":0.005,\"fLabelSize\":0.035,\"fTickLength\":0.03,\"fTitleOffset\":1,\"fTitleSize\":0.035,\"fTitleColor\":1,\"fTitleFont\":42,\"fNbins\":10,\"fXmin\":0,\"fXmax\":10,\"fXbins\":[],\"fFirst\":0,\"fLast\":0,\"fBits2\":0,\"fTimeDisplay\":false,\"fTimeFormat\":\"\",\"fLabels\":null,\"fModLabs\":null},\"fYaxis\":{\"_typename\":\"TAxis\",\"fUniqueID\":0,\"fBits\":50331648,\"fName\":\"yaxis\",\"fTitle\":\"\",\"fNdivisions\":510,\"fAxisColor\":1,\"fLabelColor\":1,\"fLabelFont\":42,\"fLabelOffset\":0.005,\"fLabelSize\":0.035,\"fTickLength\":0.03,\"fTitleOffset\":0,\"fTitleSize\":0.035,\"fTitleColor\":1,\"fTitleFont\":42,\"fNbins\":1,\"fXmin\":0,\"fXmax\":1,\"fXbins\":[],\"fFirst\":0,\"fLast\":0,\"fBits2\":0,\"fTimeDisplay\":false,\"fTimeFormat\":\"\",\"fLabels\":null,\"fModLabs\":null},\"fZaxis\":{\"_typename\":\"TAxis\",\"fUniqueID\":0,\"fBits\":50331648,\"fName\":\"zaxis\",\"fTitle\":\"\",\"fNdivisions\":510,\"fAxisColor\":1,\"fLabelColor\":1,\"fLabelFont\":42,\"fLabelOffset\":0.005,\"fLabelSize\":0.035,\"fTickLength\":0.03,\"fTitleOffset\":1,\"fTitleSize\":0.035,\"fTitleColor\":1,\"fTitleFont\":42,\"fNbins\":1,\"fXmin\":0,\"fXmax\":1,\"fXbins\":[],\"fFirst\":0,\"fLast\":0,\"fBits2\":0,\"fTimeDisplay\":false,\"fTimeFormat\":\"\",\"fLabels\":null,\"fModLabs\":null},\"fBarOffset\":0,\"fBarWidth\":1000,\"fEntries\":1100,\"fTsumw\":11,\"fTsumw2\":1.001,\"fTsumwx\":79.4451200572683,\"fTsumwx2\":624.182079894849,\"fMaximum\":-1111,\"fMinimum\":-1111,\"fNormFactor\":0,\"fContour\":[],\"fSumw2\":[0,0.010028,3.5e-5,0.020057,0.060086,0.070088,0.1001,0.150125,0.15015,0.180157,0.260174,0],\"fOption\":\"\",\"fFunctions\":{\"_typename\":\"TList\",\"name\":\"TList\",\"arr\":[{\"_typename\":\"TF1\",\"fUniqueID\":0,\"fBits\":50332680,\"fName\":\"gx\",\"fTitle\":\"pol1\",\"fLineColor\":2,\"fLineStyle\":1,\"fLineWidth\":2,\"fFillColor\":19,\"fFillStyle\":0,\"fMarkerColor\":1,\"fMarkerStyle\":1,\"fMarkerSize\":1,\"fXmin\":0,\"fXmax\":10,\"fNpar\":2,\"fNdim\":1,\"fNpx\":100,\"fType\":0,\"fNpfits\":10,\"fNDF\":8,\"fChisquare\":15.0440874210914,\"fMinimum\":-1111,\"fMaximum\":-1111,\"fParErrors\":[0.0403313764570349,0.0264707400487778],\"fParMin\":[0,0],\"fParMax\":[0,0],\"fSave\":[-0.35664160353253,-0.330438769345983,-0.304235935159437,-0.27803310097289,-0.251830266786344,-0.225627432599797,-0.199424598413251,-0.173221764226704,-0.147018930040158,-0.120816095853611,-0.0946132616670644,-0.0684104274805178,-0.0422075932939712,-0.0160047591074247,0.0101980750791219,0.0364009092656684,0.062603743452215,0.0888065776387616,0.115009411825308,0.141212246011855,0.167415080198401,0.193617914384948,0.219820748571494,0.246023582758041,0.272226416944588,0.298429251131134,0.324632085317681,0.350834919504227,0.377037753690774,0.40324058787732,0.429443422063867,0.455646256250413,0.48184909043696,0.508051924623507,0.534254758810053,0.5604575929966,0.586660427183146,0.612863261369693,0.639066095556239,0.665268929742786,0.691471763929333,0.717674598115879,0.743877432302426,0.770080266488972,0.796283100675519,0.822485934862065,0.848688769048612,0.874891603235158,0.901094437421705,0.927297271608252,0.953500105794798,0.979702939981345,1.00590577416789,1.03210860835444,1.05831144254098,1.08451427672753,1.11071711091408,1.13691994510062,1.16312277928717,1.18932561347372,1.21552844766026,1.24173128184681,1.26793411603336,1.2941369502199,1.32033978440645,1.346542618593,1.37274545277954,1.39894828696609,1.42515112115264,1.45135395533918,1.47755678952573,1.50375962371228,1.52996245789882,1.55616529208537,1.58236812627192,1.60857096045846,1.63477379464501,1.66097662883156,1.6871794630181,1.71338229720465,1.7395851313912,1.76578796557774,1.79199079976429,1.81819363395083,1.84439646813738,1.87059930232393,1.89680213651047,1.92300497069702,1.94920780488357,1.97541063907011,2.00161347325666,2.02781630744321,2.05401914162975,2.0802219758163,2.10642481000285,2.13262764418939,2.15883047837594,2.18503331256249,2.21123614674903,2.23743898093558,2.26364181512213,0,10],\"fNormalized\":false,\"fNormIntegral\":0,\"fFormula\":{\"_typename\":\"TFormula\",\"fUniqueID\":0,\"fBits\":50398208,\"fName\":\"gx\",\"fTitle\":\"pol1\",\"fClingParameters\":[-0.35664160353253,0.262028341865466],\"fAllParametersSetted\":true,\"fParams\":[{\"$pair\":\"pair<TString,int,TFormulaParamOrder>\",\"first\":\"p0\",\"second\":0},{\"$pair\":\"pair<TString,int,TFormulaParamOrder>\",\"first\":\"p1\",\"second\":1}],\"fFormula\":\"([p0]+[p1]*x)\",\"fNdim\":1,\"fLinearParts\":[],\"fVectorized\":false},\"fParams\":null,\"fComposition_ptr\":null}],\"opt\":[\"\"]},\"fBufferSize\":0,\"fBuffer\":[],\"fBinStatErrOpt\":0,\"fStatOverflows\":2,\"fArray\":[0,0.128,0.035,0.257,0.686,0.788,1.1,1.625,1.65,1.957,2.774,0]},{\"_typename\":\"TPaveText\",\"fUniqueID\":0,\"fBits\":50331657,\"fLineColor\":1,\"fLineStyle\":1,\"fLineWidth\":1,\"fFillColor\":0,\"fFillStyle\":0,\"fX1\":3.95634420555384,\"fY1\":3.59552122906919,\"fX2\":6.04365579444616,\"fY2\":3.85775901871252,\"fX1NDC\":0.416507537688442,\"fY1NDC\":0.934160843929211,\"fX2NDC\":0.583492462311558,\"fY2NDC\":0.995000004768372,\"fBorderSize\":0,\"fInit\":1,\"fShadowColor\":1,\"fCornerRadius\":0,\"fOption\":\"blNDC\",\"fName\":\"title\",\"fTextAngle\":0,\"fTextSize\":0,\"fTextAlign\":22,\"fTextColor\":1,\"fTextFont\":42,\"fLabel\":\"\",\"fLongest\":7,\"fMargin\":0.05,\"fLines\":{\"_typename\":\"TList\",\"name\":\"TList\",\"arr\":[{\"_typename\":\"TLatex\",\"fUniqueID\":0,\"fBits\":50331648,\"fName\":\"\",\"fTitle\":\"my_data\",\"fTextAngle\":0,\"fTextSize\":0,\"fTextAlign\":0,\"fTextColor\":0,\"fTextFont\":0,\"fX\":0,\"fY\":0,\"fLineColor\":1,\"fLineStyle\":1,\"fLineWidth\":2,\"fLimitFactorSize\":3,\"fOriginSize\":0.0517132878303528}],\"opt\":[\"\"]}}],\"opt\":[\"\",\"\",\"blNDC\"]},\"fExecs\":null,\"fName\":\"c\",\"fTitle\":\"c\",\"fNumPaletteColor\":0,\"fNextPaletteColor\":0,\"fDISPLAY\":\"$DISPLAY\",\"fDoubleBuffer\":0,\"fRetained\":true,\"fXsizeUser\":0,\"fYsizeUser\":0,\"fXsizeReal\":20,\"fYsizeReal\":15,\"fWindowTopX\":0,\"fWindowTopY\":0,\"fWindowWidth\":0,\"fWindowHeight\":0,\"fCw\":796,\"fCh\":572,\"fCatt\":{\"_typename\":\"TAttCanvas\",\"fXBetween\":2,\"fYBetween\":2,\"fTitleFromTop\":1.2,\"fXdate\":0.2,\"fYdate\":0.3,\"fAdate\":1},\"kMoveOpaque\":true,\"kResizeOpaque\":true,\"fHighLightColor\":2,\"fBatch\":true,\"kShowEventStatus\":false,\"kAutoExec\":true,\"kMenuBar\":true});\n",
       "       Core.draw(\"root_plot_2\", obj, \"\");\n",
=======
       "       var obj = Core.JSONR_unref({\"_typename\":\"TCanvas\",\"fUniqueID\":0,\"fBits\":53673992,\"fLineColor\":1,\"fLineStyle\":1,\"fLineWidth\":1,\"fFillColor\":0,\"fFillStyle\":1001,\"fLeftMargin\":0.1,\"fRightMargin\":0.1,\"fBottomMargin\":0.1,\"fTopMargin\":0.1,\"fXfile\":2,\"fYfile\":2,\"fAfile\":1,\"fXstat\":0.99,\"fYstat\":0.99,\"fAstat\":2,\"fFrameFillColor\":0,\"fFrameLineColor\":1,\"fFrameFillStyle\":1001,\"fFrameLineStyle\":1,\"fFrameLineWidth\":1,\"fFrameBorderSize\":1,\"fFrameBorderMode\":0,\"fX1\":-1.25000009313226,\"fY1\":-0.415953458493583,\"fX2\":11.2500000931323,\"fY2\":3.74358087851467,\"fXtoAbsPixelk\":79.6000547445299,\"fXtoPixelk\":79.6000547445299,\"fXtoPixel\":63.679999051094,\"fYtoAbsPixelk\":514.800046590614,\"fYtoPixelk\":514.800046590614,\"fYtoPixel\":-137.515393228227,\"fUtoAbsPixelk\":5e-5,\"fUtoPixelk\":5e-5,\"fUtoPixel\":796,\"fVtoAbsPixelk\":572.00005,\"fVtoPixelk\":572,\"fVtoPixel\":-572,\"fAbsPixeltoXk\":-1.25000009313226,\"fPixeltoXk\":-1.25000009313226,\"fPixeltoX\":0.0157035178219404,\"fAbsPixeltoYk\":3.74358087851467,\"fPixeltoYk\":-0.415953458493583,\"fPixeltoY\":-0.00727191317658785,\"fXlowNDC\":0,\"fYlowNDC\":0,\"fXUpNDC\":0,\"fYUpNDC\":0,\"fWNDC\":1,\"fHNDC\":1,\"fAbsXlowNDC\":0,\"fAbsYlowNDC\":0,\"fAbsWNDC\":1,\"fAbsHNDC\":1,\"fUxmin\":0,\"fUymin\":0,\"fUxmax\":10,\"fUymax\":3.32762742002108,\"fTheta\":30,\"fPhi\":30,\"fAspectRatio\":0,\"fNumber\":0,\"fTickx\":0,\"fTicky\":0,\"fLogx\":0,\"fLogy\":0,\"fLogz\":0,\"fPadPaint\":0,\"fCrosshair\":0,\"fCrosshairPos\":0,\"fBorderSize\":2,\"fBorderMode\":0,\"fModified\":false,\"fGridx\":false,\"fGridy\":false,\"fAbsCoord\":false,\"fEditable\":true,\"fFixedAspectRatio\":false,\"fPrimitives\":{\"_typename\":\"TList\",\"name\":\"TList\",\"arr\":[{\"_typename\":\"TFrame\",\"fUniqueID\":0,\"fBits\":50331656,\"fLineColor\":1,\"fLineStyle\":1,\"fLineWidth\":1,\"fFillColor\":0,\"fFillStyle\":1001,\"fX1\":0,\"fY1\":0,\"fX2\":10,\"fY2\":3.32762742002108,\"fBorderSize\":1,\"fBorderMode\":0},{\"_typename\":\"TH1D\",\"fUniqueID\":0,\"fBits\":50332168,\"fName\":\"my_data\",\"fTitle\":\"my_data\",\"fLineColor\":602,\"fLineStyle\":1,\"fLineWidth\":1,\"fFillColor\":0,\"fFillStyle\":1001,\"fMarkerColor\":1,\"fMarkerStyle\":1,\"fMarkerSize\":1,\"fNcells\":12,\"fXaxis\":{\"_typename\":\"TAxis\",\"fUniqueID\":0,\"fBits\":50331648,\"fName\":\"xaxis\",\"fTitle\":\"\",\"fNdivisions\":510,\"fAxisColor\":1,\"fLabelColor\":1,\"fLabelFont\":42,\"fLabelOffset\":0.005,\"fLabelSize\":0.035,\"fTickLength\":0.03,\"fTitleOffset\":1,\"fTitleSize\":0.035,\"fTitleColor\":1,\"fTitleFont\":42,\"fNbins\":10,\"fXmin\":0,\"fXmax\":10,\"fXbins\":[],\"fFirst\":0,\"fLast\":0,\"fBits2\":0,\"fTimeDisplay\":false,\"fTimeFormat\":\"\",\"fLabels\":null,\"fModLabs\":null},\"fYaxis\":{\"_typename\":\"TAxis\",\"fUniqueID\":0,\"fBits\":50331648,\"fName\":\"yaxis\",\"fTitle\":\"\",\"fNdivisions\":510,\"fAxisColor\":1,\"fLabelColor\":1,\"fLabelFont\":42,\"fLabelOffset\":0.005,\"fLabelSize\":0.035,\"fTickLength\":0.03,\"fTitleOffset\":0,\"fTitleSize\":0.035,\"fTitleColor\":1,\"fTitleFont\":42,\"fNbins\":1,\"fXmin\":0,\"fXmax\":1,\"fXbins\":[],\"fFirst\":0,\"fLast\":0,\"fBits2\":0,\"fTimeDisplay\":false,\"fTimeFormat\":\"\",\"fLabels\":null,\"fModLabs\":null},\"fZaxis\":{\"_typename\":\"TAxis\",\"fUniqueID\":0,\"fBits\":50331648,\"fName\":\"zaxis\",\"fTitle\":\"\",\"fNdivisions\":510,\"fAxisColor\":1,\"fLabelColor\":1,\"fLabelFont\":42,\"fLabelOffset\":0.005,\"fLabelSize\":0.035,\"fTickLength\":0.03,\"fTitleOffset\":1,\"fTitleSize\":0.035,\"fTitleColor\":1,\"fTitleFont\":42,\"fNbins\":1,\"fXmin\":0,\"fXmax\":1,\"fXbins\":[],\"fFirst\":0,\"fLast\":0,\"fBits2\":0,\"fTimeDisplay\":false,\"fTimeFormat\":\"\",\"fLabels\":null,\"fModLabs\":null},\"fBarOffset\":0,\"fBarWidth\":1000,\"fEntries\":1100,\"fTsumw\":11,\"fTsumw2\":1.001,\"fTsumwx\":77.212963706669,\"fTsumwx2\":594.182086243573,\"fMaximum\":-1111,\"fMinimum\":-1111,\"fNormFactor\":0,\"fContour\":[],\"fSumw2\":[0,0.020021,4e-5,0.02006,0.070074,0.050084,0.1501,0.140133,0.150148,0.150171,0.250169,0],\"fOption\":\"\",\"fFunctions\":{\"_typename\":\"TList\",\"name\":\"TList\",\"arr\":[{\"_typename\":\"TF1\",\"fUniqueID\":0,\"fBits\":50332680,\"fName\":\"gx\",\"fTitle\":\"pol9\",\"fLineColor\":2,\"fLineStyle\":1,\"fLineWidth\":2,\"fFillColor\":19,\"fFillStyle\":0,\"fMarkerColor\":1,\"fMarkerStyle\":1,\"fMarkerSize\":1,\"fXmin\":0,\"fXmax\":10,\"fNpar\":10,\"fNdim\":1,\"fNpx\":100,\"fType\":0,\"fNpfits\":10,\"fNDF\":0,\"fChisquare\":2.84123977194788e-6,\"fMinimum\":-1111,\"fMaximum\":-1111,\"fParErrors\":[24.2798681283524,98.4205947480611,141.484602166571,102.268183178185,42.5605511163923,10.8215718447037,1.7071032745365,0.162897741718229,0.00860374999395471,1.92898809989528e-4],\"fParMin\":[0,0,0,0,0,0,0,0,0,0],\"fParMax\":[0,0,0,0,0,0,0,0,0,0],\"fSave\":[-37.9993265503308,-24.5595528805916,-14.7061671808102,-7.6907621022566,-2.88782152071412,0.220999411778498,2.06107104344347,2.97756865207319,3.24693562969856,3.08712690532845,2.66672457073383,2.11301325862526,1.51909850906303,0.950147148545676,0.448824596941109,0.0400000102605194,-0.265213737774172,-0.466022035354732,-0.569052974209067,-0.585948352733955,-0.531388836738189,-0.42150426837541,-0.272623406208197,-0.100320569586482,0.0812802513432551,0.259980272658787,0.425793349477599,0.571076751558147,0.690533388958995,0.781111017545991,0.841821478609501,0.873500653600482,0.878527543735064,0.86051871512408,0.824012283143016,0.774153644800815,0.716393305231747,0.656205383679513,0.5988337259068,0.549070993470835,0.511074646136052,0.4882223813525,0.48300834480419,0.496980278001956,0.530716723125579,0.583842461440895,0.655079520332038,0.742330344098377,0.842789086554149,0.953076448303705,1.06939304784589,1.18768598556653,1.30382302983583,1.41376872819228,1.5137567217289,1.60045261812866,1.6711019587101,1.72365809597864,1.7568851821411,1.77043195554552,1.76487259870055,1.7417116329475,1.70335060647358,1.6530152265077,1.59464258359549,1.53272921401822,1.47214194686603,1.4178947862747,1.37489648195151,1.34767495129745,1.34008632273435,1.35501808211666,1.3940976189042,1.45741938143328,1.543305871146,1.64811982257743,1.76614714050811,1.8895724878239,2.0085718440605,2.11154888213059,2.18554464411864,2.21685272427567,2.19187500650878,2.09825593874848,1.92633636327082,1.67097106733127,1.33375745551893,0.925726098634186,0.470547348901164,0.00831177773943637,-0.40005417651264,-0.667672191222664,-0.675826671416871,-0.267237018822925,0.761589457339142,2.66900518091279,5.77795595303178,10.4868904143805,17.2819396021659,26.7504654835211,39.5960819627508,0,10],\"fNormalized\":false,\"fNormIntegral\":0,\"fFormula\":{\"_typename\":\"TFormula\",\"fUniqueID\":0,\"fBits\":50398208,\"fName\":\"gx\",\"fTitle\":\"pol9\",\"fClingParameters\":[-37.9993265503308,155.165731480814,-223.089103367012,160.554010504048,-66.2652667419055,16.6642633775512,-2.59543847213005,0.24429721441475,-0.012724275791125,2.81401074685346e-4],\"fAllParametersSetted\":true,\"fParams\":[{\"$pair\":\"pair<TString,int,TFormulaParamOrder>\",\"first\":\"p0\",\"second\":0},{\"$pair\":\"pair<TString,int,TFormulaParamOrder>\",\"first\":\"p1\",\"second\":1},{\"$pair\":\"pair<TString,int,TFormulaParamOrder>\",\"first\":\"p2\",\"second\":2},{\"$pair\":\"pair<TString,int,TFormulaParamOrder>\",\"first\":\"p3\",\"second\":3},{\"$pair\":\"pair<TString,int,TFormulaParamOrder>\",\"first\":\"p4\",\"second\":4},{\"$pair\":\"pair<TString,int,TFormulaParamOrder>\",\"first\":\"p5\",\"second\":5},{\"$pair\":\"pair<TString,int,TFormulaParamOrder>\",\"first\":\"p6\",\"second\":6},{\"$pair\":\"pair<TString,int,TFormulaParamOrder>\",\"first\":\"p7\",\"second\":7},{\"$pair\":\"pair<TString,int,TFormulaParamOrder>\",\"first\":\"p8\",\"second\":8},{\"$pair\":\"pair<TString,int,TFormulaParamOrder>\",\"first\":\"p9\",\"second\":9}],\"fFormula\":\"([p0]+[p1]*x+[p2]*pow(x,2)+[p3]*pow(x,3)+[p4]*pow(x,4)+[p5]*pow(x,5)+[p6]*pow(x,6)+[p7]*pow(x,7)+[p8]*pow(x,8)+[p9]*pow(x,9))\",\"fNdim\":1,\"fLinearParts\":[],\"fVectorized\":false},\"fParams\":null,\"fComposition_ptr\":null}],\"opt\":[\"\"]},\"fBufferSize\":0,\"fBuffer\":[],\"fBinStatErrOpt\":0,\"fStatOverflows\":2,\"fArray\":[0,0.221,0.04,0.26,0.774,0.584,1.6,1.533,1.648,1.671,2.669,0]},{\"_typename\":\"TPaveText\",\"fUniqueID\":0,\"fBits\":50331657,\"fLineColor\":1,\"fLineStyle\":1,\"fLineWidth\":1,\"fFillColor\":0,\"fFillStyle\":0,\"fX1\":3.95634420555384,\"fY1\":3.46972064811857,\"fX2\":6.04365579444616,\"fY2\":3.72278322666383,\"fX1NDC\":0.416507537688442,\"fY1NDC\":0.934160843929211,\"fX2NDC\":0.583492462311558,\"fY2NDC\":0.995000004768372,\"fBorderSize\":0,\"fInit\":1,\"fShadowColor\":1,\"fCornerRadius\":0,\"fOption\":\"blNDC\",\"fName\":\"title\",\"fTextAngle\":0,\"fTextSize\":0,\"fTextAlign\":22,\"fTextColor\":1,\"fTextFont\":42,\"fLabel\":\"\",\"fLongest\":7,\"fMargin\":0.05,\"fLines\":{\"_typename\":\"TList\",\"name\":\"TList\",\"arr\":[{\"_typename\":\"TLatex\",\"fUniqueID\":0,\"fBits\":50331648,\"fName\":\"\",\"fTitle\":\"my_data\",\"fTextAngle\":0,\"fTextSize\":0,\"fTextAlign\":0,\"fTextColor\":0,\"fTextFont\":0,\"fX\":0,\"fY\":0,\"fLineColor\":1,\"fLineStyle\":1,\"fLineWidth\":2,\"fLimitFactorSize\":3,\"fOriginSize\":0.0517132878303528}],\"opt\":[\"\"]}}],\"opt\":[\"\",\"\",\"blNDC\"]},\"fExecs\":null,\"fName\":\"c\",\"fTitle\":\"c\",\"fNumPaletteColor\":0,\"fNextPaletteColor\":0,\"fDISPLAY\":\"$DISPLAY\",\"fDoubleBuffer\":0,\"fRetained\":true,\"fXsizeUser\":0,\"fYsizeUser\":0,\"fXsizeReal\":20,\"fYsizeReal\":15,\"fWindowTopX\":0,\"fWindowTopY\":0,\"fWindowWidth\":0,\"fWindowHeight\":0,\"fCw\":796,\"fCh\":572,\"fCatt\":{\"_typename\":\"TAttCanvas\",\"fXBetween\":2,\"fYBetween\":2,\"fTitleFromTop\":1.2,\"fXdate\":0.2,\"fYdate\":0.3,\"fAdate\":1},\"kMoveOpaque\":true,\"kResizeOpaque\":true,\"fHighLightColor\":2,\"fBatch\":true,\"kShowEventStatus\":false,\"kAutoExec\":true,\"kMenuBar\":true});\n",
       "       Core.draw(\"root_plot_7\", obj, \"\");\n",
>>>>>>> Stashed changes
       "     }\n",
       " );\n",
       "</script>\n"
      ],
      "text/plain": [
       "<IPython.core.display.HTML object>"
      ]
     },
     "metadata": {},
     "output_type": "display_data"
    }
   ],
   "source": [
    "gx = ROOT.TF1(\"gx\",\"pol9\",0,10)\n",
    "x = my_data.Fit(\"gx\",\"V\")\n",
    "\n",
    "my_data.Draw()\n",
    "my_canvas.Draw()"
   ]
  },
  {
   "cell_type": "markdown",
   "metadata": {},
   "source": [
    "So we fit a line to our data, but it would be good if we could quantify the results. How good is the fit? \n",
    "\n",
    "Usually we say that if $\\chi^2/\\mbox{nDoF}\\sim 1$, the fit is good. Why?\n",
    "\n",
    "How close does $\\chi^2/\\mbox{nDoF}$ have to be to one to be considered good? \n",
    "\n",
    "How might this change for different numbers of degrees of freedom?"
   ]
  },
  {
   "cell_type": "code",
   "execution_count": 13,
   "metadata": {},
   "outputs": [
    {
     "name": "stdout",
     "output_type": "stream",
     "text": [
      "chi squared probability: 0.00467773498105\n"
     ]
    }
   ],
   "source": [
    "#in principle you should be able to access this from the fit result, but for some reason it is returning a null pointer.\n",
    "print 'chi squared probability:',ROOT.TMath.Prob(8,1)"
   ]
  },
  {
   "cell_type": "markdown",
   "metadata": {},
   "source": [
    "## part 2: the method of maximum likelihood\n",
    "\n",
    "Now things start to get a bit more complicated.\n",
    "\n",
    "In the above example, our data was binned (or e.g. two dimensional measurements with associated uncertainties along one variable, which would be more along the lines of what you'd have seen in labs in undergrad).\n",
    "\n",
    "However, we do not generally want our results to be biased by our (usually arbitrary) choice of binning. \n",
    "\n",
    "Instead, we are going to maximize the likelihood function for a given fit function $f$:\n",
    "\n",
    "\\begin{align}\n",
    "L(x;\\theta) = \\prod_{i=1}^N f(x_i;\\theta).\n",
    "\\end{align}\n",
    "\n",
    "where $x = (x_1,x_2,...x_N)$ is our set of $N$ measured quantities and $\\theta = (\\theta_1,\\theta_2,..,\\theta_m)$ are the set of $m$ parameters of $f$ we would like to estimate (fit).\n",
    "\n",
    "In this case, the fit functions defined by each $\\theta$ we want to test must be normalized (i.e., they need to be probability density functions). Each data point is assigned a probablity of occuring based on $f(x_i;\\theta)$. \n",
    "\n",
    "Imagine we're fitting data to a gaussian, with test $\\theta$ with mean 1 and width 1. If all of our data has $x > 10$, the product of the probabilities (likelihood) is going to be awfully low. But if our data were scattered right around $x \\sim 1$, the likelihood will be high.\n",
    "\n",
    "For some value $\\theta = \\hat{\\theta}$, the likelihood function has its global maximum.\n",
    "\n",
    "Something important to note is that you'll often come across log-likelihood, rather than likelihood. This is for the simple reason that sums are easier to deal with than products, and:\n",
    "\n",
    "\\begin{align}\n",
    "-\\ln L(x;\\theta) = - \\sum_{i=1}^N \\ln f(x_i;\\theta).\n",
    "\\end{align}\n",
    "\n",
    "The negative sign comes in because when f is less than one, the log will be negative - but $f$ is a probability density function, and thus always less than one. \n",
    "\n",
    "Let's do an example (code from https://root.cern.ch/roofit-20-minutes):"
   ]
  },
  {
   "cell_type": "code",
<<<<<<< Updated upstream
   "execution_count": 15,
=======
   "execution_count": 17,
>>>>>>> Stashed changes
   "metadata": {
    "scrolled": false
   },
   "outputs": [
    {
     "name": "stdout",
     "output_type": "stream",
     "text": [
      "[#1] INFO:Minization -- p.d.f. provides expected number of events, including extended term in likelihood.\n",
      "[#1] INFO:Minization -- RooMinimizer::optimizeConst: activating const optimization\n",
      "[#1] INFO:Minization --  The following expressions will be evaluated in cache-and-track mode: (signalModel,bkg)\n",
      " **********\n",
<<<<<<< Updated upstream
      " **   10 **SET PRINT           1\n",
      " **********\n",
      " **********\n",
      " **   11 **SET NOGRAD\n",
=======
      " **   28 **SET PRINT           1\n",
      " **********\n",
      " **********\n",
      " **   29 **SET NOGRAD\n",
>>>>>>> Stashed changes
      " **********\n",
      " PARAMETER DEFINITIONS:\n",
      "    NO.   NAME         VALUE      STEP SIZE      LIMITS\n",
      "     1 a0           5.00000e-01  1.00000e-01    0.00000e+00  1.00000e+00\n",
      "     2 a1           0.00000e+00  1.00000e-01    0.00000e+00  1.00000e+00\n",
      " MINUIT WARNING IN PARAM DEF\n",
      " ============== STARTING VALUE IS AT LIMIT.\n",
      " MINUIT WARNING IN PARAMETR\n",
      " ============== VARIABLE2 IS AT ITS LOWER ALLOWED LIMIT.\n",
      " MINUIT WARNING IN PARAMETR\n",
      " ============== VARIABLE2 BROUGHT BACK INSIDE LIMITS.\n",
      "     3 mean         5.28000e+00  1.00000e-02    5.20000e+00  5.30000e+00\n",
      "     4 nbkg         8.00000e+02  4.00000e+02    0.00000e+00  1.00000e+04\n",
      "     5 nsig         2.00000e+02  1.00000e+02    0.00000e+00  1.00000e+04\n",
      "     6 sigma        2.70000e-03  8.50000e-04    1.00000e-03  1.00000e+00\n",
      " **********\n",
<<<<<<< Updated upstream
      " **   12 **SET ERR         0.5\n",
      " **********\n",
      " **********\n",
      " **   13 **SET PRINT           1\n",
      " **********\n",
      " **********\n",
      " **   14 **SET STR           1\n",
      " **********\n",
      " NOW USING STRATEGY  1: TRY TO BALANCE SPEED AGAINST RELIABILITY\n",
      " **********\n",
      " **   15 **MIGRAD        3000           1\n",
=======
      " **   30 **SET ERR         0.5\n",
      " **********\n",
      " **********\n",
      " **   31 **SET PRINT           1\n",
      " **********\n",
      " **********\n",
      " **   32 **SET STR           1\n",
      " **********\n",
      " NOW USING STRATEGY  1: TRY TO BALANCE SPEED AGAINST RELIABILITY\n",
      " **********\n",
      " **   33 **MIGRAD        3000           1\n",
>>>>>>> Stashed changes
      " **********\n",
      " FIRST CALL TO USER FUNCTION AT NEW START POINT, WITH IFLAG=4.\n",
      " MINUIT WARNING IN MIGrad    \n",
      " ============== VARIABLE2 IS AT ITS LOWER ALLOWED LIMIT.\n",
      " START MIGRAD MINIMIZATION.  STRATEGY  1.  CONVERGENCE WHEN EDM .LT. 1.00e-03\n",
<<<<<<< Updated upstream
      " FCN=-17791.4 FROM MIGRAD    STATUS=INITIATE       44 CALLS          45 TOTAL\n",
      "                     EDM= unknown      STRATEGY= 1      NO ERROR MATRIX       \n",
      "  EXT PARAMETER               CURRENT GUESS       STEP         FIRST   \n",
      "  NO.   NAME      VALUE            ERROR          SIZE      DERIVATIVE \n",
      "   1  a0           5.00000e-01   1.00000e-01   0.00000e+00   7.45020e+00\n",
      "   2  a1           2.19507e-02   1.00000e-01   2.95457e-01  -1.40111e-01\n",
      "   3  mean         5.28000e+00   1.00000e-02   0.00000e+00  -9.24239e+01\n",
      "   4  nbkg         8.00000e+02   4.00000e+02   0.00000e+00  -2.72815e+03\n",
      "   5  nsig         2.00000e+02   1.00000e+02   0.00000e+00  -1.36859e+03\n",
      "   6  sigma        2.70000e-03   8.50000e-04   0.00000e+00   4.70683e+02\n",
      "                               ERR DEF= 0.5\n",
      " MIGRAD MINIMIZATION HAS CONVERGED.\n",
      " FCN=-18181.2 FROM MIGRAD    STATUS=CONVERGED     131 CALLS         132 TOTAL\n",
      "                     EDM=1.09293e-06    STRATEGY= 1  ERROR MATRIX UNCERTAINTY   2.3 per cent\n",
      "  EXT PARAMETER                                   STEP         FIRST   \n",
      "  NO.   NAME      VALUE            ERROR          SIZE      DERIVATIVE \n",
      "   1  a0           5.01527e-01   4.39306e-02   1.62730e-04   2.57595e-03\n",
      "   2  a1           3.21795e-02   4.93567e-02   1.53452e-05  -3.31862e-04\n",
      "   3  mean         5.27996e+00   1.91496e-04   3.60603e-06   7.99557e-02\n",
      "   4  nbkg         1.63660e+03   4.40579e+01   1.55418e-04  -1.20927e-01\n",
      "   5  nsig         3.63344e+02   2.70751e+01  -1.97572e-04  -6.09359e-03\n",
      "   6  sigma        2.17525e-03   1.85844e-04  -3.12875e-05  -1.59799e-01\n",
      "                               ERR DEF= 0.5\n",
      " EXTERNAL ERROR MATRIX.    NDIM=  25    NPAR=  6    ERR DEF=0.5\n",
      "  1.935e-03  3.207e-04 -6.063e-07  3.776e-01 -2.999e-01 -2.166e-06 \n",
      "  3.207e-04  2.502e-03 -1.414e-06  2.764e-01 -1.628e-01 -1.393e-06 \n",
      " -6.063e-07 -1.414e-06  3.667e-08 -1.137e-03  8.999e-04  1.075e-08 \n",
      "  3.776e-01  2.764e-01 -1.137e-03  1.941e+03 -5.080e+02 -2.786e-03 \n",
      " -2.999e-01 -1.628e-01  8.999e-04 -5.080e+02  7.331e+02  2.417e-03 \n",
      " -2.166e-06 -1.393e-06  1.075e-08 -2.786e-03  2.417e-03  3.454e-08 \n",
      " PARAMETER  CORRELATION COEFFICIENTS  \n",
      "       NO.  GLOBAL      1      2      3      4      5      6\n",
      "        1  0.32390   1.000  0.146 -0.072  0.195 -0.252 -0.265\n",
      "        2  0.22481   0.146  1.000 -0.148  0.125 -0.120 -0.150\n",
      "        3  0.32203  -0.072 -0.148  1.000 -0.135  0.174  0.302\n",
      "        4  0.46110   0.195  0.125 -0.135  1.000 -0.426 -0.340\n",
      "        5  0.56454  -0.252 -0.120  0.174 -0.426  1.000  0.480\n",
      "        6  0.56275  -0.265 -0.150  0.302 -0.340  0.480  1.000\n",
      " **********\n",
      " **   16 **SET ERR         0.5\n",
      " **********\n",
      " **********\n",
      " **   17 **SET PRINT           1\n",
      " **********\n",
      " **********\n",
      " **   18 **HESSE        3000\n",
      " **********\n",
      " COVARIANCE MATRIX CALCULATED SUCCESSFULLY\n",
      " FCN=-18181.2 FROM HESSE     STATUS=OK             50 CALLS         182 TOTAL\n",
      "                     EDM=9.93677e-06    STRATEGY= 1      ERROR MATRIX ACCURATE \n",
      "  EXT PARAMETER                                INTERNAL      INTERNAL  \n",
      "  NO.   NAME      VALUE            ERROR       STEP SIZE       VALUE   \n",
      "   1  a0           5.01527e-01   4.25327e-02   7.50162e-03   3.05364e-03\n",
      "   2  a1           3.21795e-02   4.02065e-02   2.09857e-02  -1.21007e+00\n",
      "   3  mean         5.27996e+00   1.80600e-04   4.02025e-04   6.42424e-01\n",
      "   4  nbkg         1.63660e+03   4.52718e+01   1.05992e-03  -7.37824e-01\n",
      "   5  nsig         3.63344e+02   2.78844e+01   1.17539e-03  -1.18722e+00\n",
      "   6  sigma        2.17525e-03   1.87630e-04   4.29473e-04  -1.50218e+00\n",
      "                               ERR DEF= 0.5\n",
      " EXTERNAL ERROR MATRIX.    NDIM=  25    NPAR=  6    ERR DEF=0.5\n",
      "  1.813e-03  2.718e-04 -7.949e-07  3.158e-01 -3.161e-01 -1.915e-06 \n",
      "  2.718e-04  1.645e-03 -7.016e-07  1.343e-01 -1.344e-01 -9.153e-07 \n",
      " -7.949e-07 -7.016e-07  3.262e-08 -8.328e-04  8.350e-04  9.484e-09 \n",
      "  3.158e-01  1.343e-01 -8.328e-04  2.050e+03 -4.133e+02 -2.455e-03 \n",
      " -3.161e-01 -1.344e-01  8.350e-04 -4.133e+02  7.776e+02  2.461e-03 \n",
      " -1.915e-06 -9.153e-07  9.484e-09 -2.455e-03  2.461e-03  3.521e-08 \n",
      " PARAMETER  CORRELATION COEFFICIENTS  \n",
      "       NO.  GLOBAL      1      2      3      4      5      6\n",
      "        1  0.32456   1.000  0.157 -0.103  0.164 -0.266 -0.240\n",
      "        2  0.19464   0.157  1.000 -0.096  0.073 -0.119 -0.120\n",
      "        3  0.29001  -0.103 -0.096  1.000 -0.102  0.166  0.280\n",
      "        4  0.36673   0.164  0.073 -0.102  1.000 -0.327 -0.289\n",
      "        5  0.53137  -0.266 -0.119  0.166 -0.327  1.000  0.470\n",
      "        6  0.53944  -0.240 -0.120  0.280 -0.289  0.470  1.000\n",
=======
